517
255
12
523
330
663
772
454
253
764
392
92
782
644
727
15
306
922
512
129
616
436
381
222
619
8
368
294
291
223
595
270
762
150
448
604
568
245
63
258
650
645
289
767
987
578
100
243
143
859
563
298
226
93
594
201
718
950
231
500
951
878
109
20
485
506
519
545
78
623
311
526
200
868
359
376
60
165
475
996
492
321
219
427
964
666
367
279
202
678
806
354
687
370
852
478
899
658
719
183
820
890
983
131
779
450
978
541
853
894
232
70
503
959
378
630
900
865
417
618
496
192
441
739
439
44
980
721
738
690
240
947
352
966
334
606
837
195
296
337
113
989
464
508
24
377
771
316
191
810
778
824
266
564
969
145
924
960
673
587
603
353
967
491
431
920
269
234
535
973
410
490
864
599
27
567
263
774
409
69
182
267
693
730
37
51
576
875
81
390
408
857
621
575
238
403
585
755
866
55
628
863
451
208
301
749
495
148
843
481
725
883
827
977
79
42
309
259
626
210
244
5
179
287
199
440
10
543
236
765
331
704
80
221
657
112
968
198
216
695
61
388
691
893
348
571
235
962
282
205
889
134
652
610
184
422
737
560
993
173
90
812
927
185
715
735
214
662
356
76
38
371
780
870
188
808
582
86
139
835
516
638
988
791
981
30
637
550
239
700
133
976
278
997
249
692
653
598
846
488
617
453
747
197
123
855
821
570
923
455
213
402
350
760
487
281
127
946
750
697
974
554
167
527
181
413
498
667
74
524
776
77
882
694
679
531
593
787
672
956
280
998
896
274
611
994
547
50
654
415
426
106
102
310
504
29
847
518
685
206
159
602
357
965
48
783
257
73
892
999
736
467
332
984
549
577
411
286
829
166
548
247
163
138
1
642
898
300
954
57
91
826
746
71
479
132
154
613
434
101
212
561
161
218
934
646
995
366
393
391
874
494
683
584
930
521
445
141
759
777
688
203
724
399
443
277
483
528
135
67
237
484
574
588
632
271
912
452
174
171
299
419
636
153
938
25
948
313
903
97
482
94
140
544
668
327
379
128
914
468
169
477
312
556
268
346
887
397
428
858
11
421
931
825
699
384
175
707
675
753
940
833
343
501
514
470
361
932
365
373
105
794
579
569
429
442
284
35
754
885
916
609
351
696
986
886
733
928
290
676
465
605
651
72
942
414
209
53
303
891
189
615
819
789
744
702
406
401
822
712
241
437
906
322
21
104
466
709
908
784
546
486
502
125
509
84
364
949
107
168
400
850
706
861
456
187
99
741
748
608
814
47
326
802
790
911
659
347
775
856
204
763
318
385
970
355
581
119
971
386
952
262
407
714
256
641
404
449
75
193
293
805
32
551
142
792
120
34
172
538
344
424
963
372
489
242
341
734
176
333
158
520
505
22
511
586
151
446
957
841
751
788
907
157
801
647
362
757
680
461
553
799
793
252
82
815
689
469
539
358
335
726
162
536
800
844
471
115
565
305
345
254
40
28
136
510
412
387
317
7
871
314
459
701
933
292
552
178
705
929
534
607
36
430
953
612
555
572
54
851
558
828
374
250
246
937
207
540
460
745
444
320
220
809
248
265
416
720
95
781
817
766
601
398
110
936
836
124
872
881
743
591
211
233
323
770
533
369
68
669
583
457
529
499
438
394
45
631
58
83
13
944
380
194
147
698
228
64
622
515
842
723
96
275
41
283
901
796
589
992
873
480
122
803
982
3
728
418
902
144
474
532
811
917
476
89
433
849
329
46
177
559
118
640
597
285
121
880
338
375
573
149
664
895
761
848
769
1000
186
732
625
537
349
59
288
56
363
389
405
919
85
227
649
639
39
731
711
717
918
729
634
862
196
473
395
773
215
160
620
557
660
627
643
816
88
648
190
65
655
684
66
832
261
146
580
342
955
935
33
420
913
304
740
804
661
108
336
525
840
813
905
307
830
432
722
710
831
943
845
396
62
4
315
926
674
103
260
600
23
823
758
876
877
682
340
264
224
925
656
472
671
670
116
677
614
513
17
339
324
897
592
297
530
708
860
493
961
328
742
972
635
319
152
111
629
229
834
566
939
991
463
854
435
18
768
98
507
975
807
945
31
180
686
26
423
458
497
87
14
797
786
681
126
137
170
6
941
130
665
308
382
117
869
217
383
295
273
325
590
156
888
49
703
979
302
114
818
624
164
756
909
462
958
16
785
52
904
447
798
562
9
43
910
879
867
985
921
230
795
542
2
360
838
713
884
522
425
225
155
19
251
633
276
272
716
596
752
839
915
990
