539
632
282
780
640
854
685
720
106
879
290
472
68
150
350
262
79
995
690
306
565
340
204
589
766
757
299
315
92
135
359
656
977
453
540
411
792
358
752
88
629
532
30
848
447
371
874
99
948
98
735
751
386
734
777
170
389
999
166
35
572
247
622
897
474
764
590
512
363
604
547
962
72
382
716
238
278
997
141
90
950
614
459
108
143
665
553
42
997
651
221
624
138
130
273
563
21
325
453
342
266
823
972
778
402
435
619
830
568
654
904
419
701
654
955
405
660
982
775
115
83
212
150
564
353
229
60
171
248
75
750
97
388
372
856
59
651
129
420
127
459
447
310
484
531
831
344
479
535
705
787
715
84
45
385
71
162
796
558
398
436
466
210
6
986
65
64
348
149
816
454
553
214
345
245
709
57
942
965
566
954
515
553
530
738
232
99
955
128
264
541
83
162
74
402
91
970
457
425
563
988
263
364
674
435
384
311
345
203
669
773
775
908
434
727
174
657
714
287
993
492
208
555
569
3
57
32
947
979
296
353
288
873
666
453
18
560
192
682
47
794
940
803
612
61
419
601
171
854
393
420
434
675
596
296
524
917
799
102
133
99
839
938
453
696
807
632
323
367
983
748
902
157
360
461
459
466
402
716
142
180
255
469
419
180
524
79
946
56
389
721
963
127
611
966
957
805
498
901
600
73
813
971
591
310
412
840
701
869
317
443
672
150
473
976
31
693
456
382
869
94
156
78
473
924
383
312
398
933
890
793
594
805
634
368
251
635
258
213
335
881
350
480
805
540
971
458
306
109
471
753
492
149
614
674
334
460
16
61
903
702
785
481
533
336
699
892
72
727
198
692
602
391
641
212
503
355
94
262
359
500
345
737
761
517
440
221
981
406
411
595
590
148
710
137
627
657
714
739
504
536
754
379
451
734
652
274
844
460
796
667
108
918
921
946
51
582
330
800
709
49
459
969
349
280
31
794
110
728
104
937
608
624
320
9
303
750
716
220
469
161
487
51
874
440
124
415
66
662
787
810
553
344
769
546
483
613
465
736
213
285
542
709
906
906
70
780
709
614
223
390
973
130
926
894
90
598
16
447
461
434
27
634
182
426
462
281
981
633
667
171
425
664
807
912
954
319
89
147
212
804
9
168
423
424
633
966
901
803
91
281
514
698
520
143
83
952
585
816
477
239
863
831
61
959
436
578
737
189
864
84
630
56
702
12
68
835
867
922
753
181
995
778
168
601
57
925
77
501
935
709
275
212
112
515
839
892
859
116
451
562
596
616
1
754
846
138
106
918
117
807
410
852
525
296
736
438
833
951
593
356
539
955
614
452
794
428
792
629
647
189
366
483
156
796
630
846
297
753
93
189
400
880
713
76
204
647
298
323
992
555
421
964
754
487
682
541
778
350
89
287
598
596
774
304
834
136
272
992
683
484
107
144
695
406
890
40
907
340
794
210
101
45
16
284
314
12
743
486
888
393
35
431
606
885
756
72
795
252
786
126
18
134
115
109
293
544
642
428
89
857
416
228
723
14
58
785
993
439
909
776
504
46
188
961
344
967
717
801
495
330
572
333
92
993
649
764
523
283
379
161
157
484
446
808
114
780
591
793
307
372
346
302
121
905
197
132
59
615
867
22
818
535
745
347
130
660
62
579
896
691
911
351
883
247
253
865
839
157
993
283
514
219
622
13
779
672
795
890
757
90
716
840
856
155
639
718
941
791
166
802
996
527
56
690
197
731
422
236
917
232
86
668
377
730
680
344
25
310
526
536
894
105
957
935
949
328
467
464
940
877
601
226
260
94
213
824
892
637
149
960
644
813
138
783
233
869
581
937
717
425
972
145
519
149
504
974
454
650
44
302
226
76
69
629
178
407
335
505
143
532
118
135
561
459
375
237
258
27
551
330
695
697
498
551
520
671
629
363
838
150
754
825
203
519
520
265
978
632
388
999
405
502
513
266
269
918
146
221
538
501
818
775
37
326
588
769
814
268
856
595
198
933
374
246
924
702
26
682
92
227
440
110
329
65
381
231
441
978
163
464
708
725
896
937
873
974
420
338
41
422
268
791
91
561
753
351
24
869
288
476
209
175
778
519
618
910
195
571
193
829
802
817
161
946
84
928
181
242
482
876
609
872
998
872
841
606
587
639
182
325
76
355
329
872
12
811
707
793
238
691
611
112
783
521
960
184
682
818
352
773
410
284
634
208
835
222
379
997
506
991
961
865
376
374
232
195
338
900
223
621
121
113
547
295
195
372
907
365
947