9596
6166
6619
8678
1873
8141
4027
3647
361
3348
3828
6373
4635
7999
9703
5873
4774
7418
6825
323
5353
3859
463
7641
2271
4352
9194
3179
1385
2462
9916
7846
3429
3795
9304
7042
5290
3551
758
4755
3065
1276
4210
2712
5957
6043
636
3212
1596
7665
6652
1644
2417
7471
1664
2627
1116
1128
9324
2935
3123
6625
2487
6795
9470
9941
3405
9855
5975
5425
6147
982
8930
6783
1901
7014
1544
2577
9427
8596
7785
4631
4734
3956
7828
3011
1221
467
4338
7727
8294
1557
9595
2777
1600
4878
9327
8801
4576
7798
9800
6117
1806
7742
8289
1857
1256
7241
2059
2698
4540
2322
4917
5224
3909
168
1337
1964
4634
1683
7364
5165
9622
7467
1744
242
8299
6857
8921
3282
3870
1371
8423
4650
9162
6411
6071
3197
3085
7765
3817
7983
1947
6461
9890
2699
9308
6124
9460
3014
7991
620
4131
1439
5364
820
2745
7087
8123
3063
2940
3611
3923
871
7022
9483
5202
5590
1363
786
8901
1245
2795
3548
3237
7706
8947
9872
3853
7879
2679
6109
5370
3901
6586
6417
9310
8768
4518
5361
599
2481
4278
9264
315
2964
3612
8074
2804
6429
5387
9861
5072
9995
9969
604
7992
5410
5982
7406
6886
2639
7528
188
4587
5009
189
2084
4240
1656
7340
1738
8305
7587
5909
9132
44
2977
9525
5276
4584
3277
5708
7272
9305
3981
3793
878
3789
3916
371
479
3863
6643
5837
920
125
7796
3220
3957
4859
4819
3830
6991
4573
886
4813
4751
8712
6125
6214
9018
1721
5398
7329
4051
9315
8634
2118
6958
116
6067
1957
3724
3864
1917
8942
1225
7243
7478
615
4080
9813
8095
2724
7656
9576
4036
1803
3275
2143
9388
6947
1434
5596
7554
8231
3699
4199
1687
5219
5778
8318
781
3645
8176
2606
9330
8579
4129
7704
2331
926
1015
9281
4176
8397
9026
5900
2754
3088
8205
2303
6437
5023
3294
4887
1993
7315
9979
9161
6359
4197
1323
1680
9939
9150
1240
8278
4742
4586
2974
3114
4049
4975
2650
5627
2495
6239
4692
9145
7591
2203
186
5125
8490
8349
5435
8659
4351
1807
1616
8024
3490
7505
5899
4790
2030
4549
8283
6121
7643
7276
4566
1086
2450
4983
7947
474
2186
1610
5308
8386
9489
134
1135
217
3879
6551
7735
7729
8729
4164
7472
2493
8880
1571
6872
4691
5261
8059
8335
9378
6547
1834
120
7714
7508
8978
829
3841
2605
1500
6966
7826
9202
1928
5680
6896
7820
931
3038
9169
1556
7967
9015
9261
9193
9990
1550
7267
18
2861
6432
1244
5580
8234
7279
9692
7360
2096
2910
7540
6924
8111
2694
4927
8009
3781
7677
2867
6666
4977
4186
7228
1451
7865
5218
5522
6741
8479
637
3995
4267
7282
1597
1759
3440
724
9907
7188
5259
8455
297
7237
5527
7822
9868
3326
2593
930
2756
8585
4148
9240
9123
8158
1504
3438
4949
4421
4815
987
8715
3048
91
3989
2457
2623
6957
8128
4529
5322
3955
6854
7351
5328
6849
8329
43
3417
7684
8666
7569
5057
8745
3299
4753
3375
2779
2786
1171
7868
9128
3595
4169
7861
6001
4843
1017
3985
3688
9762
9567
652
2412
251
7036
9852
1727
9779
8168
5543
9457
9645
1388
4869
5407
8259
4597
9936
5755
7640
9302
4171
4842
822
352
6326
736
764
2801
6765
1138
1587
2439
7623
8828
4236
131
624
2825
3513
5994
4656
5419
7851
2534
1736
9065
2702
2467
6735
6887
7902
2295
9912
1022
3172
2766
7917
4731
9579
6616
9110
4363
8160
3871
6485
5461
1613
3279
3872
307
616
1058
9050
7728
7920
9708
3119
6999
6674
6245
2722
7635
9823
3922
3286
57
5099
1882
1645
6640
2668
3856
3383
4341
7488
6077
8384
2873
3067
8648
9021
3741
3222
8063
4893
7513
3624
1895
9300
1076
8692
5418
4245
8428
6583
1783
5214
466
5459
7723
8682
6420
5220
5293
7357
9111
1831
1085
5260
6093
9335
7363
1409
6940
6230
298
6342
7048
5043
826
4471
5941
9181
1921
1576
860
2601
9085
1776
7113
2763
9164
6869
8401
5794
9693
2224
4901
6473
865
2636
5083
2423
8201
8602
9476
9351
774
6467
195
9096
277
170
6655
6880
1952
4536
8144
3125
8459
9658
867
1789
3372
76
5603
8272
8918
5338
8166
1701
1161
5007
8751
9425
7010
8171
1591
8538
4886
8000
4305
6545
5103
974
5551
7107
1816
5818
903
1676
2713
5060
7689
9635
9172
9928
5823
8822
2611
7636
5541
8546
7413
308
494
8861
597
2080
5016
7227
6478
8878
6207
9333
1214
1541
8693
1141
7324
9764
1216
5468
5307
3497
6000
2350
1787
6426
6215
9830
989
5150
5827
5808
3515
4416
1191
9318
9608
5137
4449
4329
2081
6174
3453
4633
2247
3920
6819
6449
9783
8976
5763
9723
2660
919
2040
4097
1265
8688
713
8048
3233
938
4039
7889
8291
6238
1714
2648
3947
4905
9448
8145
8281
911
1183
372
64
1930
7702
8266
1534
7041
5974
112
2056
442
3517
5626
8839
313
3020
2013
986
2502
1592
9653
302
8186
5700
4520
7550
2672
2133
7655
2761
1289
706
3412
8267
3344
4354
1304
7268
8076
8287
9051
8931
9657
6993
5292
6480
7349
9780
5800
7212
1953
8453
1904
5832
7448
2683
7408
6108
4098
5166
532
6730
1814
1102
5584
7305
7399
2254
1444
2111
333
4371
1121
6943
6076
1492
1751
2135
7842
1554
6311
2532
2951
4151
1828
7746
5071
9674
2341
7460
5275
4557
629
4724
4666
6888
6814
1840
8275
6898
3918
1984
7246
3100
6284
5474
8392
7121
6063
6599
3935
9860
407
3410
1290
9429
6022
1732
8894
3
3820
8399
4700
3659
5933
8046
5302
5915
6285
6158
1697
3712
541
6715
4729
2008
7092
6139
8326
2063
799
6098
922
5841
8567
8948
7929
3623
6447
8820
3290
9451
3403
2193
5733
4296
8130
9062
8245
5788
2612
9365
3264
6607
993
3499
2458
9346
9143
3897
7604
3883
4145
7733
1742
9121
742
9280
4200
7908
6960
4086
9999
9623
4044
9180
5650
2228
7552
793
7937
6526
3698
5477
4142
5792
9464
1053
9889
4645
4218
5344
3951
4588
5039
4820
4356
4408
5938
6451
3124
4805
9089
3047
3368
8146
4978
2442
1520
5526
1640
4191
4741
6310
6828
9639
633
8122
4373
8635
5145
8393
8960
8037
6218
8617
3046
9278
9917
3552
9407
4756
4712
6965
6314
868
3413
9721
7330
3604
3445
4100
259
9396
1374
6745
2538
8516
9542
2595
129
9075
890
8934
8400
203
2997
6976
6885
4544
3790
1259
6393
6008
505
945
7596
145
7449
9373
1140
1938
8706
1847
7814
2934
7880
5918
9826
4989
8495
8856
3024
2888
7864
5113
2421
8093
8007
3805
7590
1899
6200
1038
7670
5688
5465
5999
6123
6611
8572
7830
9078
220
2846
7892
5367
7525
3127
7748
6650
8097
8580
8672
8998
5775
6530
9452
6772
4554
1959
4265
4409
4264
8110
2541
2968
628
2971
4370
4119
6954
664
9493
327
7484
8797
8150
7562
9678
4898
3007
7452
1465
5175
2869
8167
115
4939
9340
7724
8537
567
5394
3804
6903
6933
45
8645
6989
8865
293
9080
9069
7111
8015
3937
8540
5444
1344
1142
5807
2346
4828
2207
6053
7309
3851
2122
9031
8233
4883
9583
7476
7775
2141
1338
875
4846
2064
4965
7582
8017
4161
3601
8125
8961
9198
5147
2165
1136
9629
2700
531
4535
3687
200
9299
3740
9170
6186
8756
2041
8604
1325
8676
1537
7248
5460
5991
5400
4433
2819
1093
5283
4694
2838
2382
2762
5284
6704
712
5601
1532
136
9922
6895
152
714
3954
7024
8496
1491
1749
1146
4417
1989
1362
2651
2817
7037
8863
5742
123
8669
1731
4121
4649
4824
2744
8803
6221
82
4919
8957
5306
3650
2961
8853
2490
4888
8081
1892
9375
5835
7045
3696
3366
2116
7660
648
8085
2348
4207
2164
93
3256
7869
3539
2047
1969
4026
3693
7693
3080
7185
2072
513
5025
2849
2592
5185
3205
5537
7978
2652
8576
4054
9666
5363
3528
1549
7613
9105
4107
506
4839
5872
5374
9293
5159
7915
4577
6573
854
4069
5971
9945
8910
4686
5689
1454
5058
3168
8410
7560
5212
5076
8952
2647
3713
6695
4165
8938
7965
9742
1638
1498
5604
783
6248
2556
6274
6799
8369
6015
8639
3139
4158
3570
9836
5730
6555
3043
9094
9680
5158
4589
1982
797
3536
8587
9037
3448
8979
8262
396
1226
1820
7148
8557
551
2279
3337
1823
9602
9845
5209
5029
4101
384
8999
3116
4135
5133
5908
3681
4701
3838
4094
8630
1987
8809
6909
7247
4736
8695
4548
1813
5066
9920
5208
668
4293
7821
6710
6436
8405
669
7359
8508
6484
4426
7030
3364
9387
6631
269
2398
6740
4495
7543
9697
3984
4016
6744
1327
6389
9966
7100
496
2621
1981
7468
5291
1841
6194
8486
6830
6932
5858
4704
124
2272
4836
6920
9788
3886
4499
4590
5591
1384
1871
9265
9462
665
3949
2206
5838
3694
4864
4174
6792
6667
5087
3753
3881
7314
66
3433
5686
9632
7193
2162
5548
5753
3494
5193
3997
556
8333
410
7368
8492
5414
6116
8860
4792
8562
721
7661
5045
4850
336
7599
6341
4269
6450
9001
6549
5352
2020
8353
7192
2542
3380
4084
3944
6971
3591
2793
966
644
342
6146
8198
328
1761
7838
9109
6893
9754
1722
294
6159
3975
8815
1452
9850
9160
4746
6780
3269
4561
8671
1706
2126
6243
4172
7481
572
1098
4393
9178
3129
9673
8159
634
6061
975
577
2197
495
1887
9786
1300
3097
5437
3809
6630
8003
2371
2725
6660
1891
9424
8796
8140
6908
2991
6522
6853
4050
5106
2010
1710
5879
3873
8127
4074
5102
7009
6537
4308
3928
3644
6172
104
9453
7962
2498
7184
5297
2967
8341
9714
7410
5448
685
2764
8888
1219
5299
1189
4979
1123
3976
7598
4214
7203
9226
8356
5280
9309
1272
3642
1355
4555
2390
2360
6023
9841
7063
6628
5235
2871
1705
1819
2752
4339
6319
2675
1502
4234
4985
8157
111
6415
8473
8906
5271
5647
4739
1543
729
9877
7047
9339
2655
508
3231
7794
9380
8656
9847
8518
5945
6876
8308
4335
1836
4243
3982
621
573
5019
9016
8189
756
7553
4063
1326
1988
7039
672
6917
6094
7313
9695
5429
3821
9766
7622
8276
4184
5020
2525
5854
5682
6626
4348
8826
5298
6156
8155
6747
3019
9461
4357
7140
9725
1055
817
5641
4388
6205
4863
6512
2853
7692
3180
707
5231
7751
5751
6967
6834
6918
2945
5882
78
6515
2414
6336
7168
2182
9849
2989
8263
4179
403
5337
5711
3213
5126
5035
2792
4542
6673
4452
884
9822
7589
1059
1691
7705
3074
678
1303
3302
3797
8188
4754
8507
813
3152
8922
7456
7028
3401
4717
4320
6487
9547
5538
9313
4064
702
321
8183
362
3511
8699
2847
3475
7559
8891
7025
6763
3072
1033
4344
5052
6492
6140
3073
1929
9656
4822
5334
4916
1939
3247
6039
2717
5531
289
676
3316
4948
4318
3027
1699
6047
8742
5886
2637
2550
934
5426
8407
8
3608
3921
5124
3077
937
6097
9763
4066
2857
9516
971
2670
2475
2416
6615
8020
4141
2315
601
8094
3756
2657
3509
1659
5588
4196
3547
2768
2104
1419
9208
6482
1426
566
6028
4897
1154
4791
7931
3718
2401
8303
1974
4154
338
7762
8867
6670
2860
6192
9683
2624
4279
8909
3904
7895
6645
4126
343
7386
3243
4004
4303
936
6938
5706
4768
6338
5162
8195
4198
471
3030
2943
9474
2544
2865
4990
7858
7801
4195
810
6418
3707
715
70
5514
9619
1726
9266
1926
2250
3877
6609
4466
7877
3322
1650
7131
5279
7808
3003
4807
3155
3489
4105
9458
401
6644
5003
681
8494
37
3796
1566
6051
8355
6858
8296
788
1001
4641
5342
3343
7266
8170
7183
9196
4528
7579
6468
8049
1495
6679
7079
3449
9810
2248
4277
6514
9498
4124
4769
7346
4156
1239
9552
2614
7907
4256
5560
9802
7303
3351
5699
5910
5098
1535
2120
3169
4398
6789
335
7659
3308
9509
8776
5863
13
888
3620
1665
5194
641
2851
8875
1884
437
7922
3969
1295
7461
1335
7518
606
1625
3903
5491
3315
9414
7301
9732
7234
3715
9254
4467
9152
2809
2289
5500
9337
5964
5408
7231
8493
645
3196
2083
1192
3469
8210
1615
303
896
3743
611
6099
8395
7502
1217
5996
6850
306
4003
2603
2536
1593
6860
6829
3580
2222
2199
9047
7147
4858
2913
3665
1717
7966
3907
1796
8892
279
3575
9232
1383
4519
6157
6598
821
2198
1785
3964
5570
6486
8505
9432
3704
9008
6542
8193
876
7690
85
8769
2765
1972
1763
6624
1581
5349
119
5455
7627
9273
6728
1945
8534
869
5489
2554
837
2175
9410
9744
1052
1583
1886
3808
33
870
2243
8764
8481
2799
2418
3336
3546
5540
9700
946
3493
6572
3735
7323
2364
6675
7807
7489
4500
8913
1629
2225
679
5642
7859
7561
8230
7572
9951
312
6040
4242
2729
5806
5198
7853
4223
7339
7142
5901
1060
9450
5804
2127
1647
6956
7800
7382
5795
7135
8627
7958
4312
4423
3458
7564
7683
1743
2438
2128
8609
6423
5772
8179
3396
8963
4506
6638
187
1147
5196
2089
6791
2803
1013
9393
8761
7214
3615
5097
5088
7278
9926
529
4248
8044
5970
5053
6434
281
2553
5776
2028
3076
9942
5797
6602
8677
8348
6132
2829
9250
291
2850
5791
6733
8360
8975
1091
6581
5862
4963
8622
8977
9423
7126
4532
4653
3332
4321
5634
5980
3670
2275
9978
6282
8391
5350
7182
2563
3474
2552
5438
3504
4439
618
6556
7238
909
9886
3288
2307
4246
2714
4166
484
9367
2255
2372
3422
1568
3457
694
9670
6258
2772
3060
7745
550
7612
3749
1288
5683
3850
1741
4431
8394
3036
7254
2238
2973
9017
7668
5623
4428
101
8708
1662
3018
8134
9946
9297
2746
7443
132
544
2086
2665
3655
6133
4738
5842
5894
3185
9559
380
5227
5318
143
9876
7057
2988
582
8377
5669
2455
9092
5509
1475
7388
8584
1401
176
2682
6826
5026
6923
3099
4936
8560
240
261
7563
3603
7833
5654
6721
6750
705
9671
8051
1878
9581
3239
36
900
7178
5273
60
1795
3999
7403
2755
7375
5787
6472
7034
8217
9960
2136
3739
6997
5347
4384
1315
9187
6680
9843
4980
1023
5480
1398
6049
9573
807
5535
5095
1190
8517
5330
8733
6698
198
2727
3004
4498
6058
19
501
2195
8030
7
6610
4663
7939
3544
9818
5673
6392
7988
1870
2482
2377
462
2692
2565
4463
92
3684
9650
6494
6970
8089
1628
6179
8270
5325
3532
1031
3818
7516
1991
4376
5630
3972
5951
1977
9761
3758
8833
7633
5774
9667
8526
7954
8625
3953
5401
1865
8240
3408
1572
9201
4018
7283
7740
9398
1908
6548
3436
3068
1999
7108
5734
7769
3775
9775
5889
2352
3638
9618
7836
114
8950
331
646
6060
6541
4282
2378
9295
3387
4005
2302
4177
9140
2098
6950
808
3120
2158
4583
6019
1588
5002
1646
8029
1087
9649
7648
9733
5881
7753
3190
4302
9882
7130
5949
8001
2437
5167
4395
6502
4765
1542
1005
6496
363
4360
4494
9691
7277
480
5385
9603
958
3945
3682
4300
5703
4521
5892
2065
4217
3250
9124
4956
5014
7872
6413
1246
81
9463
8590
864
8298
8314
8832
2262
9492
5492
3589
8675
8482
631
8731
6727
5661
8794
2218
5712
8104
2922
9184
7524
4767
2739
8064
1486
3427
201
6557
3160
4002
7064
3191
4660
4511
3819
5121
9003
1970
746
5725
14
2258
3261
1334
9314
6570
902
6495
8277
9382
8571
5959
5242
4413
1758
5309
1040
6806
1618
178
7936
2029
9329
8114
4465
6201
9592
5384
7358
2316
1505
9403
8754
7409
6419
4275
9755
7250
7291
7158
9676
6936
5244
5529
5109
4515
8292
1317
1404
1372
3586
9210
9214
6366
1229
3118
4801
6463
7911
2780
3680
6870
1912
4726
6601
1275
4447
9529
9146
4682
5323
8388
8028
703
6620
2905
8876
1775
6659
988
4034
9902
5469
6315
7607
7242
174
2787
5471
554
370
1112
6425
5277
5614
6349
6375
6120
9379
6225
907
8522
2834
4468
7527
2557
1735
4620
1021
8575
745
5096
8491
6312
4646
6383
7235
7491
511
9475
6753
704
9715
7979
6691
9007
1347
6474
2646
7376
5213
2024
4794
2249
3908
6508
6919
8227
1867
1153
4657
5954
2268
1753
334
75
5397
9865
2781
6453
4892
2978
2174
9938
5255
4788
5345
8467
9878
3654
4713
6351
4377
7998
8416
1134
1215
1861
7306
8800
2002
8549
4209
754
6746
3621
221
2526
6075
9495
5226
4935
1998
1223
1809
2320
6295
2074
7760
4539
1944
8783
1282
7204
1872
7026
8054
806
9612
2581
5373
5061
4455
1067
2366
6407
2037
6778
5107
8426
1771
5333
9494
739
9447
8252
4832
3117
7202
118
3714
4973
2891
4851
3432
6370
5036
6961
7963
649
1794
7097
9662
5619
2463
9555
2011
2933
5867
7515
9929
3373
1598
7793
6953
1133
2259
4216
7570
3328
9334
2031
1621
1693
7050
1724
9682
9419
7477
3806
832
1547
7678
1313
2821
2125
3646
8653
475
4987
780
8743
3767
6286
6627
7764
1757
1686
744
3330
7652
473
8203
7530
9036
4228
734
3634
9216
9919
5602
4610
1430
3230
924
4347
8098
5207
8697
8315
5422
1329
4157
3930
4875
6604
8847
711
1029
3053
546
2753
4252
2306
8955
9195
6629
4059
7207
9298
9731
3296
2643
1510
5546
9615
5875
1342
2823
2123
428
1919
3192
2610
7401
6456
3521
137
2392
5722
5169
9520
6122
4984
3772
1707
8468
3145
1050
4970
9506
525
9980
2926
5379
2915
2876
1511
7503
2797
493
4353
8120
2191
9869
916
8928
4381
3842
5695
8244
8008
7688
8322
6489
9863
4448
4301
4831
5228
3431
1603
8070
9372
3590
6700
4638
5015
882
8444
6596
2671
3506
892
7270
3695
3874
7425
6760
378
8241
4453
7475
5462
9636
2281
6278
2109
5136
9998
6348
4564
3209
666
8464
3092
4705
7781
2669
960
6103
2071
1528
4387
5664
4336
7288
3111
8454
3178
6371
8904
9753
4386
1068
2379
4874
8100
8380
3280
3235
6941
9624
7614
5127
8359
5119
373
3996
7630
9508
2921
8045
3865
2919
9438
1673
2324
3798
1090
4019
4438
1279
7501
2939
5681
3661
730
1669
8996
9144
8118
9722
8690
3754
2852
3527
6892
5030
5595
843
7061
8844
8917
7942
2748
6711
2903
1198
7837
8615
2415
4834
4090
8951
4258
8450
2673
326
2685
1755
9571
7990
1113
7969
7695
4489
842
8436
3538
4673
4861
7819
2338
8543
8782
5729
6092
5817
6942
5598
5056
6002
5395
9815
1798
8586
314
1589
4462
4921
359
5746
22
3421
9025
4208
7545
8042
1896
834
1438
2091
1915
1986
7027
5572
8260
5935
1874
2021
6692
4517
748
2782
4345
7893
457
4926
9997
4048
4315
1291
354
6362
4213
6651
2173
7600
9736
1690
8501
2715
5956
5924
400
435
1174
3324
7674
7787
6358
4876
5487
6471
7632
9229
7710
2941
9720
6153
4404
2427
7928
6021
3211
6396
6714
9515
7141
9053
5216
3839
5247
7890
1626
2179
608
880
3066
6676
38
2236
6488
6962
2373
2093
3734
6292
963
2017
8564
3988
873
7044
9828
3350
3892
5532
4775
8723
3902
23
6910
1073
6457
5831
3333
1425
2317
7179
6376
7804
7792
2178
8601
8099
2898
5620
4419
3606
2805
7457
7056
7494
7256
3824
3112
6142
5940
8068
719
2244
6149
6897
8719
7888
8985
558
6038
5922
6575
6883
4310
3569
642
1092
7469
6554
6671
2890
717
5186
5902
3520
2559
976
3537
358
7191
9411
6251
942
2161
6090
4496
4697
5758
9389
845
5452
1567
7081
847
5375
3411
4853
3888
6648
4671
2981
8765
2594
8714
8777
7703
2367
4478
1448
8374
1308
117
4525
5814
488
5138
9686
1764
4229
5287
660
533
6521
6191
9774
6690
427
2210
8154
32
9538
9769
9275
1786
6031
7104
2517
6891
3755
4972
8498
6588
5610
482
6774
4374
5549
5336
9575
9805
6758
8855
3386
9851
4487
2585
2966
2204
411
1893
589
6807
7286
28
4314
2138
3926
2107
2269
7803
4954
8559
6790
5093
1182
1054
6540
8174
1788
2327
7085
9468
9734
737
9469
9233
4662
1373
3512
8524
4636
9923
5702
7165
722
6934
7151
6981
7948
4714
285
6404
5825
5326
3061
3133
7265
1594
7580
7608
7285
9758
1835
2335
9268
4271
4795
6986
4922
4445
6518
7673
6632
351
3943
6585
9224
5728
1799
3416
515
4591
760
1670
8725
2220
8484
7465
9989
1674
9032
8185
2514
1905
8528
6831
2521
7709
5366
7105
2263
4340
8896
7317
1499
4844
6623
9862
4891
24
1688
8545
2923
1251
8644
7876
1218
5144
548
5732
6955
1700
2686
3229
5719
6538
4488
6089
4402
6788
9045
5081
2000
1844
4872
9711
1482
1203
1258
7296
5608
692
6678
4407
3672
4089
2680
452
1025
5028
2227
1170
2589
7459
7629
2189
4882
3439
9042
2184
2241
1428
9900
2235
4483
2
5948
8255
2975
1850
2006
9808
6743
925
4522
1152
9141
1733
6178
6082
795
7146
2878
8293
3039
4719
3656
241
3204
3031
7347
7365
5313
1692
1772
3245
3906
6130
4967
7744
9258
8225
8439
8687
7436
6232
6608
1538
4136
3869
766
9246
4958
7898
4273
1173
3827
7989
7298
5068
3501
3564
5120
8499
4955
2620
72
9963
7945
6029
3479
9024
6343
4806
3134
9825
7483
4982
268
6687
8082
8722
4759
8747
5715
8827
7124
9319
8162
7875
1125
5767
3340
8552
8857
7953
553
9374
8795
4607
6998
2984
981
6779
3674
2101
5821
80
7059
3771
2342
3393
3425
8995
5869
5190
3442
5511
1339
2446
4127
2347
3342
4222
7523
5662
7521
3898
8164
4132
3561
1916
2897
8389
5331
3385
659
1480
2818
8050
2117
1208
4847
5512
5914
2607
2213
483
5756
3731
5574
9543
6313
6073
9554
2794
5874
613
5913
8973
1932
4852
1837
8261
4550
3199
286
9435
8378
1562
8040
7849
139
1180
2374
9759
8072
1072
7815
1253
1602
9523
2282
9806
8351
8269
2944
4492
7127
262
3227
7538
6646
2948
983
4798
1292
2466
7896
7802
153
8465
9884
1709
9497
1412
4491
4202
7326
8773
4723
5764
2049
9730
1286
130
1270
7863
5651
3557
7080
8716
778
5479
6668
5239
7017
6622
9353
1894
1440
683
256
7171
7447
4658
3214
3502
7778
5485
1605
2662
3852
2406
2190
8781
4030
3477
8980
6402
8055
9827
720
3476
4545
8212
7232
3338
2901
830
344
2641
6949
6224
3677
441
6539
8915
9888
9616
6408
7507
3198
5575
9585
1631
6524
7065
7642
4664
8366
3578
3747
9066
1024
9361
7533
9651
4091
8525
9125
8297
3950
8593
6595
4484
7073
8900
7117
7095
469
390
2488
3482
841
7474
6639
4809
9005
1333
1497
8415
5482
4180
5723
857
2267
8991
8301
177
7170
54
3507
9436
6546
379
7011
904
6466
6276
2681
4690
4639
3284
1774
2325
7780
6260
5919
2938
6871
2666
2280
5621
175
6335
6220
9992
3748
5432
5577
4616
2645
1552
9243
8713
2759
5037
3635
4099
8956
27
3577
1037
4728
8038
4779
1269
4709
4652
3103
6816
4810
4761
5936
765
4364
6737
2972
3525
74
3089
6009
1524
7445
8222
15
8846
9060
2613
4960
7634
5639
1394
9391
5977
1375
3587
8387
8628
1130
5079
816
3306
3807
6176
4696
2774
6815
5
3041
4459
4477
5346
5583
5140
1824
5563
1997
1322
3470
510
1228
7215
7927
9794
3392
415
3942
7645
9594
7316
8448
3679
1609
3523
52
6259
5031
8583
3560
6843
2812
2057
4288
6868
3128
1299
3593
7795
7839
1234
5445
6212
3407
2110
2719
923
3017
9033
6070
2937
6877
9093
5327
6929
2330
9076
8965
8196
779
1642
171
2701
360
5786
1906
4677
776
9893
5192
7344
9500
6529
3240
5181
7663
9970
6563
4749
2202
1768
4070
1442
3447
2026
3791
348
2902
51
8923
2568
8793
812
8717
3201
8953
8312
8344
8438
8365
5754
4840
9739
2843
9317
1066
7419
6672
8221
1563
7372
6299
3746
7352
7581
2050
300
140
194
2119
4497
4676
3801
1406
9151
9272
1237
4678
8475
609
4763
4241
5215
9022
5059
5453
999
4319
8338
9400
3813
8581
740
325
4811
1144
7420
1516
9291
7782
2129
6118
9098
3195
5010
4613
2363
2404
1716
7691
1320
6197
8650
9095
9182
1205
1107
815
4093
4553
1047
819
8107
8288
6222
5895
2635
2778
4115
5793
2100
4903
7222
6165
8137
8458
2783
1737
7639
4703
1472
266
9173
9915
7981
1509
2383
4262
3186
159
3588
3135
5130
3355
1169
9104
3496
2328
9473
5428
4740
9102
3109
8655
8740
4745
614
3253
9591
3244
5183
2992
5799
6462
73
5766
1569
3905
2353
2078
3829
2142
1869
7260
7350
4330
8519
7280
7813
3181
9741
1403
9548
2844
1487
9768
3549
1853
9316
2166
2385
796
5606
2619
8905
4871
1114
2832
6661
4733
6303
9262
4043
3463
71
9781
4446
6510
6317
5064
6636
7035
1307
4139
2691
5217
9200
5335
7994
7071
8785
8916
5762
4501
1620
7012
4205
4966
8209
3301
7542
3049
8101
7371
9449
2885
9159
2730
8810
2027
4838
8148
7555
6890
7337
9347
320
6881
9572
4849
1011
1746
3889
8004
6353
8477
549
7412
5717
6283
3108
263
2420
3946
4014
2591
7402
1467
1380
5390
3260
7519
2813
6564
2309
7394
8223
1802
1109
1464
3522
5739
5810
2790
9006
2216
246
5968
9950
5067
8683
9068
1206
9921
4997
4669
255
8598
8802
3175
8724
1273
7086
8589
3596
594
6333
7137
6848
2313
6984
4270
4493
8178
789
1063
9100
7666
8759
2545
6705
2907
6837
4276
8190
2618
9530
7156
2836
7492
3725
1747
6289
3965
9166
9599
8968
9896
1719
2912
9183
5878
5771
1494
316
3246
2284
6325
8077
9526
4865
7925
9834
1648
8309
6945
1703
4056
4879
4945
9135
5675
9933
535
7675
110
2802
9638
4414
2217
2560
3397
9838
8703
8265
7848
1262
3132
3059
2357
6337
710
6689
5074
3159
353
5409
6033
9030
716
4075
6104
4510
4964
5903
3208
4149
965
5515
6390
5122
7537
5536
9231
6685
3334
4382
310
8852
147
381
5356
3312
8504
9466
4674
1150
4280
9870
8396
4150
1766
2983
4877
2066
6183
8215
2931
579
7935
204
7181
1846
7485
3113
2839
7378
2883
5281
144
7482
8083
6079
8556
419
2389
9103
4285
3900
7850
4473
4009
3660
8851
99
350
6621
9835
2653
4304
4274
2449
7217
9777
1034
5747
409
3297
4647
1200
382
5645
8025
424
1056
8124
304
6757
4052
784
1020
9153
5655
2231
3226
6696
448
5759
7328
4192
3630
6796
3692
1634
4770
9556
2742
7805
3224
8638
3730
7439
6926
7229
6726
6684
5768
9213
6127
7271
1966
3363
6386
1422
671
3780
2567
9582
7976
6354
3045
8067
831
8336
7307
5310
6168
2333
1496
375
9565
3626
4950
5990
6309
2750
4037
7626
5926
8113
4599
3717
6738
5861
7829
230
4060
6833
3691
9897
7897
1643
2447
8133
2410
9366
6582
6374
9537
2566
4313
8375
9885
7487
2429
8424
6535
5359
3764
2824
7190
6569
4895
2854
8631
41
2578
9984
4367
2551
2489
708
8483
2868
3257
8373
1445
1238
5483
1985
9968
7383
8766
4406
5253
6755
2180
5381
6452
2831
4286
4604
5987
794
7985
1166
1469
9728
8290
1163
514
1863
932
5005
8603
7595
3404
1319
5142
6820
489
6946
9964
1765
7509
9054
1559
9119
2539
5000
4931
6020
6561
2321
4627
6026
6014
5055
245
6443
8488
9142
9952
3508
3157
5358
6074
2965
619
6862
5085
5666
9895
418
2820
4328
9010
1358
7752
1314
9136
7631
2543
3013
3346
7258
6171
655
3927
2304
8295
7293
3834
8406
8057
4962
4046
9564
9630
8836
5110
6818
9729
7174
3359
404
2386
7390
1194
4644
4187
6405
5904
4469
9369
2314
2223
3435
2524
3814
3990
3276
905
9665
9694
4444
9799
770
7225
6331
7874
8427
9807
1197
9839
4087
5783
9604
7905
6832
5942
948
2305
2995
173
3356
7662
9702
6921
7446
1402
3485
1120
3987
2004
5513
5907
4601
543
9408
8551
7013
1508
4533
3491
1019
487
3166
4698
5545
5077
8413
9887
8069
4268
985
7500
4530
8361
1195
146
2444
5690
4942
7754
2361
3365
2097
5021
9791
3050
7052
4994
3278
86
9747
5075
8147
569
2987
1131
5953
2068
2663
4835
4925
8660
8903
2731
7444
8087
21
6406
1187
6662
6594
9655
6246
7362
9660
9433
4096
1042
8730
196
4611
5599
5062
5929
1389
5108
3636
7429
3165
1479
6511
5354
927
5317
1396
8161
5090
3151
9320
9705
4976
3388
3187
7944
7082
7718
4899
4144
6577
2963
542
6593
726
7169
814
6458
2095
4969
5819
6725
8738
5174
5692
9646
7789
1233
4941
2877
2403
258
3093
8541
6787
2171
7784
9701
430
4747
5450
7116
2150
9833
7208
3107
4441
8874
6368
1227
9954
3122
4654
7926
700
5236
8594
6334
9504
4680
8409
9168
5504
3057
2060
2602
2459
9434
1064
8103
1976
8536
851
1302
3430
9967
5116
1973
9131
9242
1378
1601
8334
9097
4257
3173
4908
8340
4183
8342
2949
6213
3283
9588
5237
167
5256
2293
2582
2264
1407
6927
3466
4435
3616
5473
4106
8367
9171
1043
3274
4490
5707
4437
2230
9256
4369
9209
9163
4095
836
9274
1856
5274
3825
1268
5528
9325
5369
7091
2425
1193
4567
6702
4947
6330
602
455
9343
9479
5962
1167
3566
2509
6899
2194
2530
4552
2749
2456
6706
3607
3664
8431
3096
8529
2362
6914
3924
8066
2667
2312
1637
3028
4762
3574
9288
9356
3374
7791
6321
228
1427
491
6384
6959
8798
6361
2395
643
2405
7651
7697
1129
5859
7644
6151
8010
9188
318
4249
1666
4799
1101
6697
4479
7696
5679
8213
7263
1106
6105
4083
8337
9482
3495
5678
8882
9073
7736
3341
3037
4219
4372
4153
6483
4848
9776
1366
7840
7000
9478
8704
208
2503
7720
5550
5027
6085
1630
2294
9973
9011
5710
6244
4725
5431
4974
5691
4885
9727
6507
8442
7109
9962
1074
7495
6056
6328
7951
6148
7281
667
9118
639
7292
3329
5360
9740
4203
771
8842
2529
2693
8813
5665
1297
5860
2894
3706
1632
3042
7512
6234
3977
2587
2633
182
2052
6421
2776
4643
8643
5943
6382
4103
5191
915
9909
7699
557
1095
8184
8684
3203
901
9502
8619
828
4833
265
4147
9359
3090
212
2070
647
2273
3609
8229
6559
3452
2520
9247
4720
3721
7497
9756
3786
6357
2513
7857
105
282
5609
4405
9157
9971
290
2434
9532
6509
6928
4930
6865
5617
6972
4841
5628
4732
9029
3966
6775
9687
3040
9976
5559
1527
2908
955
8006
1111
7133
8548
6126
5640
1209
6110
1711
3265
2507
8327
432
9574
6720
1386
9641
7882
5404
4708
7930
801
1352
8005
5969
8011
2088
7681
1186
8919
3666
1346
7766
4081
7707
1677
7175
7669
6766
848
3974
3281
1513
9052
9192
2393
5912
7055
3562
2882
3105
2246
1950
100
6027
9996
6771
6261
2555
4470
2630
7972
3487
1316
3837
3895
2354
1110
5839
4472
6320
8620
8420
7435
2649
1158
7198
2153
1661
4474
1418
8043
9903
4786
4239
5339
4399
2957
4862
3162
6464
7284
1564
2930
7586
2087
547
9227
3345
751
6642
5403
7230
4562
4383
5740
7161
4778
8881
3885
9117
7110
4940
4290
7177
2732
5179
2617
6378
7397
3554
8710
8752
2085
1285
4854
8106
586
4608
9918
5998
2082
2337
5114
3896
7002
1255
4244
9386
5180
3849
9974
2785
9957
2689
7847
239
3153
7366
6154
4937
8149
6568
391
6948
2297
88
5978
5761
1336
8879
4992
8313
7855
3765
9027
9710
4513
850
4178
7289
2474
787
1084
7096
3136
3236
5697
1704
9014
2959
4944
3643
2226
440
3768
9587
7594
9510
5615
2468
6842
3565
332
4909
6170
5997
5812
7646
5648
1595
1619
5304
4856
8936
3424
9854
3762
9891
9501
994
7957
8102
3641
1833
2828
3732
6759
8792
3932
6531
4396
9046
8673
6922
6475
2866
5143
8789
2003
9640
9399
4971
3016
2265
9397
9947
7189
1842
7396
3766
632
6279
79
8300
3062
4458
3270
458
862
3005
9067
2960
4429
6915
9914
2880
9748
5040
2300
4938
1526
5433
3598
1145
2113
1003
3993
5932
4480
3158
232
5973
6875
56
1713
3592
6861
8771
4068
4803
357
8720
5784
940
2710
96
2929
4642
311
87
2200
9440
7319
1162
8417
4655
6066
8371
3720
165
2124
4527
7463
6823
3121
3174
3882
1296
4057
8945
4168
7387
235
9225
6233
3553
2069
3640
6764
1864
4188
1805
8163
5505
9654
9798
5644
3434
7510
5257
3708
9217
8649
4538
9955
5716
2858
7421
6647
3723
967
7416
3164
4133
7262
9349
1345
7573
5850
3929
3960
1105
6454
1830
9584
4272
9545
7961
3847
7295
2708
3744
5135
7335
278
4053
9514
9441
4857
6724
5319
8023
8811
7120
9752
1458
5008
422
8520
7377
5568
4332
3161
5286
3446
9535
2604
8239
6034
2058
3259
6736
6084
696
8838
7006
8626
7725
6686
6308
3167
7437
3285
3319
1888
6088
5115
7385
1612
2510
9881
2147
9205
1658
317
8962
4699
6271
5779
9642
3610
8370
5301
545
6824
2985
3613
6836
4122
5368
7162
1918
7300
6041
7687
6969
9628
759
1443
9338
8547
6035
1667
8243
497
8323
7287
9924
9122
7333
7226
9770
7393
4358
5315
4227
6385
319
6709
6255
7685
8350
6241
4981
7694
3462
6345
2185
233
3822
8192
6228
4015
2440
8925
973
772
693
7986
2687
4602
264
7676
3573
5579
6302
2822
3769
8698
2148
6428
8075
2351
5612
4894
4120
6773
4283
4033
2483
3232
8173
4621
8079
3217
346
8701
8685
8872
9219
2018
5250
2608
2757
3759
6399
9133
5380
2999
2477
8568
6160
3559
288
6322
2704
218
1960
3782
2172
9487
6430
968
2340
2103
7389
6350
1756
2906
1539
2108
1712
5018
8131
7341
2632
109
9940
9442
6851
9550
8864
861
1143
4598
1555
5046
9986
4430
7891
470
9698
4297
5392
421
3023
9536
8988
5917
898
9829
4951
1155
4556
2827
5434
6136
537
7577
7218
5069
4771
3367
6951
3087
9944
1471
1099
6477
4233
3866
8250
2015
9904
1473
7941
7432
3101
3671
7602
5321
3933
2187
6729
6654
2310
5547
4816
7583
7812
5151
4140
6397
6306
8264
2422
9713
7299
8324
9138
7522
2642
158
9040
3844
9082
2690
3218
1420
5332
8674
3384
2460
2196
2461
6252
8422
1530
2079
2696
3406
8109
1115
3629
1728
5182
5486
5820
5128
2214
1400
3272
1606
9707
5911
6786
9
4999
9241
725
6612
3389
8569
270
3736
1639
5044
2472
164
7043
823
1849
3633
6637
1750
7269
4298
3241
9206
5038
9681
9857
536
6042
7245
4860
3678
1151
2001
5320
7462
4605
8544
5565
4814
445
6169
1231
6091
3314
1663
4695
5853
8588
451
5263
7101
9589
8080
5294
2531
3418
3395
8273
5891
8151
9148
800
4560
8949
1533
485
921
2076
4868
3530
1877
3653
5701
3991
3471
775
5476
4427
3102
1230
6532
6409
1730
6250
8306
7264
107
1937
5073
6863
4047
397
687
7067
8990
7210
4359
3770
1725
6459
2036
5521
3729
4250
9035
7438
9421
4889
3086
1071
8658
254
4730
287
7964
7016
8126
423
9985
2290
5871
6589
9409
3382
4342
3761
6856
9539
7134
1271
6884
2928
6905
3008
3183
9577
5267
7070
7616
9566
5303
4146
1257
7844
8200
9757
6247
213
356
8818
6751
7261
5423
6012
7534
750
4890
5542
5329
8530
5117
3300
7968
77
8823
7308
4915
4572
6272
520
3143
769
6114
456
8887
4410
6513
9613
1825
6688
9091
5355
8621
7454
7392
9019
7400
5472
9236
5552
8661
4943
6150
7442
4612
9993
6298
5506
2705
7197
5638
1553
1903
9443
1548
3321
449
1278
322
516
9237
8285
1449
8462
3310
8182
9259
1720
3572
8640
9023
6448
8485
102
4235
8433
1607
5048
7997
3378
8597
5427
1927
9490
5454
8726
3400
3662
2473
9322
8555
8940
818
9773
6184
3763
8705
9961
6505
8347
877
8304
5660
1934
8908
9771
1250
1608
7423
5082
2952
6817
2349
881
9385
939
1236
1907
1925
1461
4113
3450
2841
7741
2576
9267
3052
1359
7194
7084
5396
4727
1463
6878
790
8204
2106
4266
2773
833
835
6235
6635
1668
7195
4220
6657
7887
1784
1660
6944
1075
3705
1354
1859
4128
5805
6597
2430
2260
6134
5930
9533
6584
2734
7441
9287
5866
1678
7440
5494
9527
2970
7205
735
6768
1684
3727
1514
7199
6879
970
4670
6226
9126
7548
498
7757
953
1858
6444
7739
5569
3867
5589
103
5944
8511
5377
3998
3774
3371
6163
5950
162
7906
7797
9528
225
574
3911
3317
9948
9519
6263
5868
5573
8078
3456
9088
6036
8883
8850
6776
5340
3815
3675
292
2656
5796
6519
2062
5849
4565
6501
7603
6017
3742
7255
7499
7835
5129
6080
9557
1817
6785
3992
6438
2562
6476
1476
8071
3934
2485
7768
1280
4512
1361
4346
2942
4055
2881
5264
839
9491
1460
3455
3800
5983
7592
3910
2032
4946
7671
9177
210
859
9626
990
7996
3556
5946
9312
252
1392
3884
8647
8013
2009
8799
35
7973
6748
1365
2424
9086
9820
8825
526
4322
376
507
4397
5600
4546
142
4993
9726
8642
8840
8112
2234
6576
4781
8993
5399
5187
7353
3225
8670
1470
6859
29
2399
2499
3234
1801
4574
4718
7407
8804
5258
7715
6810
6567
1624
603
6367
5070
9064
8775
121
3709
2998
3663
8944
8466
3349
4735
1006
4600
8236
5674
1423
8474
5034
8969
805
4823
1792
6562
5372
6332
1008
6822
6506
4923
3258
4625
1156
995
1698
3149
7186
1036
768
6907
7479
7090
1949
1515
4481
1108
5146
7788
4251
2484
4350
383
6416
1360
3189
3362
9437
5382
5221
5078
5481
7987
9147
8181
8117
1348
9426
4710
7040
5282
2909
2950
6113
6533
7411
9580
2292
2588
6605
3022
1301
9644
8514
4912
1773
674
3686
8319
8696
7240
468
6307
9605
4461
7773
1100
4502
4436
47
1523
6401
150
392
9412
4996
5295
4143
3952
6656
5745
7053
1975
1951
7144
5065
4238
5833
2014
4361
5802
8890
2597
7578
9239
1281
991
9906
4317
5934
8873
2492
7458
5094
8058
7878
5300
9444
4932
276
8830
8868
1082
3832
9270
389
564
6377
9949
9840
9405
2454
8774
8418
4029
5436
7150
3138
9074
4615
8542
6273
2094
8214
689
8271
6470
3632
6841
6046
7956
9633
1081
7380
2519
7866
1531
2332
4750
7163
3788
9846
8156
6840
9866
7544
626
1573
7029
4362
8471
663
1027
2572
9260
1089
4568
4716
3582
9252
8563
1586
4230
1827
7546
434
5625
7018
2875
8814
1800
1808
8939
6152
9910
6427
5149
7824
7008
185
4299
7719
8180
4594
3941
6835
5134
1575
4991
1488
6344
6663
4108
5993
2927
7054
1376
2396
5826
8898
8143
1971
4804
1627
1885
42
6701
6913
8249
9101
7593
425
9039
2092
4163
2205
4211
1382
3581
5824
7019
6227
8971
3860
9991
6742
429
2033
5406
8251
7625
4929
9505
3402
2157
6882
7427
6229
8385
5555
3078
3912
4752
1181
6242
894
623
4017
8932
8889
6988
8912
7686
53
7576
6011
3994
9179
3628
7883
9875
9987
2887
9558
1797
5658
3919
3379
340
1852
8734
4292
6973
7845
853
6323
9486
4011
6440
749
339
4201
4442
9108
4071
6534
9738
7854
2953
5724
5508
6363
6277
8570
9155
918
8612
7125
2283
3115
727
8376
2816
2291
5663
1694
2336
8463
3887
2523
617
7717
2640
1604
893
8487
83
9112
8330
5413
7611
3358
1311
8286
7771
2025
9627
1431
8412
3505
2859
6578
4569
3273
205
824
9296
2807
5557
5693
368
8472
9197
6414
733
2251
8849
8254
6722
8208
7698
222
7157
5516
8460
7451
9597
3899
3069
7417
2616
8907
2900
8535
732
5811
3777
6253
9772
4457
7946
1393
6694
3369
89
2911
385
7180
8807
1679
6669
5204
4072
743
8053
8686
5967
6256
3249
5383
2743
3238
1740
2431
2140
1175
4661
8877
2569
3618
4379
6143
5597
2583
9611
3268
590
9063
7750
8258
500
2678
2994
6493
9048
4456
6355
2413
7370
1994
9517
6517
849
7331
4152
6682
1004
9212
5893
1790
3251
4204
3833
2479
5225
7568
6081
8824
9137
4866
3531
4355
9614
6206
504
5709
1241
4185
2512
5592
5189
6634
8115
5556
7667
50
5727
7486
4829
3967
4215
3862
5995
5246
8566
3084
1948
3979
2599
9341
4085
979
8363
7531
3460
3331
2811
9750
7919
7023
4337
9663
5501
8986
4116
5160
6571
3137
1248
6231
4415
6516
4454
9459
6916
284
5089
4130
5972
39
8763
4784
9251
6931
654
4579
2318
7894
2130
2240
1453
9809
3792
1254
6481
9804
9358
2134
6379
1649
453
226
7995
2323
4284
7450
6813
8500
9824
1364
414
3652
7221
1780
9844
8018
5164
2895
3370
6013
9983
8786
3745
1941
9301
5857
8984
3583
1035
8447
7950
3799
7566
2035
6770
3733
978
8854
9677
7356
7176
7072
6653
2549
7493
9190
1410
1748
2163
3986
5567
3846
8421
2397
5063
8346
6579
8441
6007
2706
9455
5667
347
5497
6777
5720
9472
9724
4380
9348
4503
7832
5101
9081
1617
7312
9943
4138
9255
6204
1935
2435
8681
1636
9668
236
1201
6904
2741
5870
9215
9041
6603
9077
5816
565
4365
7348
9480
2770
9784
7046
3917
8788
1483
741
9956
5852
9540
8328
5092
9332
8539
9652
5845
5743
3773
8311
3810
6732
97
490
9684
5033
5457
670
9020
1309
8073
9959
8019
8709
530
8034
9621
4721
1578
9892
9230
2311
6101
1408
2533
6838
62
6827
9417
9071
436
5988
7597
2737
386
9034
3689
1879
1032
4042
5131
8749
5790
4689
7774
4787
6249
5785
811
7297
2358
49
4884
3492
6107
5285
575
3854
3295
933
7058
3836
2837
9837
4959
5721
9819
6911
7912
3857
7721
2285
2099
9415
3486
3347
852
1902
5447
701
1395
4618
1868
7327
1898
1933
3848
4114
8379
3738
67
1983
6469
2747
763
9925
9590
1026
9120
969
9499
6004
8728
4225
1545
5376
3033
9793
4006
3802
94
9935
2232
1812
4585
8610
1922
962
8624
5157
682
7738
9350
5916
5170
7980
7658
6380
1655
1062
8926
1455
5653
524
8779
1781
7304
3750
1127
9927
8707
8578
522
5880
2149
6497
5440
6614
6794
8817
4514
4
7870
2012
4818
1681
7384
8457
2886
3535
4906
9342
8372
6977
1168
6045
8994
8153
5011
8242
4796
728
9811
2548
7934
8132
9699
4622
3414
9257
1512
1490
2400
5312
7776
2625
1657
7777
7216
4575
3840
8194
2628
8302
1397
9090
2375
3794
6580
6161
3938
1489
444
4918
3534
2276
5240
9028
3503
5314
5731
9055
6798
9785
7759
5896
1770
5670
1368
1324
8368
1782
1484
8136
9716
4023
3354
3021
638
5222
5430
7320
1249
3006
4401
1990
2870
9269
190
5013
6018
1955
9471
4684
9049
1967
5687
3843
6762
9222
8651
883
7066
8509
305
2736
1818
5172
8632
5578
2233
374
8805
7122
4873
5582
7790
5781
2090
563
8218
8641
5750
1357
5564
7338
3339
1848
4189
5705
3971
9430
5770
9228
2023
2299
8737
4008
8943
3094
8966
26
7381
6592
6980
5004
8172
6185
2955
3010
1044
657
3484
1574
6558
4933
7209
961
5828
9000
6422
4013
249
6712
7918
1910
5012
9873
8476
9610
3071
7361
5618
2500
3254
5420
1760
1860
8618
5605
7529
8191
7647
6587
2408
9277
3467
5888
4998
2574
3255
6845
605
9354
6281
5249
8187
502
3390
7960
4378
897
1305
1582
8741
1164
555
2515
5245
908
3567
2626
106
4062
2075
5272
7923
9406
3685
7069
980
4038
8694
2145
7664
6544
3335
8202
5748
274
952
4255
7541
9357
3555
1459
1159
8527
3602
1897
5613
31
1331
1310
8364
5305
3144
559
8108
2879
2735
477
345
9362
8595
9972
8983
5898
5782
5205
9864
2810
2167
7233
9817
9647
2497
8321
8778
6734
16
757
2356
1791
6202
9058
3563
856
8760
6048
8381
4802
4648
899
1940
4537
9165
492
163
3029
5848
8506
8232
2022
879
2201
8784
301
2245
9149
2677
5446
6968
9796
7342
5417
5607
349
5230
5629
6329
4837
4737
3639
4632
3000
1518
2904
4628
9384
2016
4508
6115
4617
8899
8035
8211
4125
2856
9816
8116
9344
5386
947
5925
9908
581
7547
4580
3399
5357
4109
8152
5809
9401
6490
7619
5498
4088
9789
3963
8207
2436
9712
3206
3079
2208
4953
1540
5458
6930
7722
4780
141
906
8758
2956
3465
2139
2884
7860
1862
1811
7236
8679
3170
2684
3082
1069
5484
9953
3631
8332
1263
5937
1018
8837
7809
9688
5887
1590
6372
7606
3104
4024
9485
7496
7166
4826
5593
3958
6195
5698
4896
1881
9586
7430
1689
8358
8502
4368
9717
3352
1340
4764
2137
7290
9107
4031
2936
8848
8744
6050
5262
6839
6318
4000
9402
2658
7514
7921
138
5843
2048
9416
5558
1580
4327
9115
4254
7818
7610
6155
7414
8246
6500
2369
3701
8411
1718
2634
2969
7031
8274
9512
3925
4961
4411
3514
3676
7206
5965
3309
4541
3271
9867
191
8237
8268
517
5562
7211
4672
9289
7106
8718
7731
5161
4022
4867
192
1778
5581
6095
3776
598
5773
4425
8608
802
6316
9553
6866
6173
3959
6269
9661
7470
7618
4316
4624
2561
2380
9606
7336
5637
6068
8022
337
8139
2355
3500
9737
1080
6164
8997
4995
5051
4325
3472
5737
9931
8235
1415
3751
3148
1702
9248
9937
8357
7657
2451
2892
1137
1946
3876
8061
6262
8435
8870
6591
6731
1377
1078
9070
1096
7433
481
7770
3034
2644
6821
4900
4237
4294
2266
5270
3970
7149
4424
6465
2156
1199
640
4593
7118
1829
9930
4558
4707
8772
231
2688
7159
5503
5451
3803
9467
8331
4102
3868
2039
653
3106
6352
1049
1267
3783
4776
1561
3785
3568
6346
1235
1501
8762
8247
5534
3419
7975
3683
8937
8382
8791
863
1277
2896
3293
127
209
1623
2326
90
2368
8317
229
8142
3622
4592
5080
8750
7249
4221
2478
7153
9894
8419
9496
723
8220
954
9234
4181
782
9186
5992
283
5442
2212
9669
7567
227
8637
7453
7811
8561
568
5571
6718
6719
4924
160
8735
561
6756
113
2114
6801
7716
6802
4637
5421
9600
9311
4112
3658
1880
7498
1437
1913
996
1493
6137
8343
1822
5616
7395
3353
183
2924
257
690
1213
3318
7355
4162
8449
4526
8885
8091
7916
5749
7914
895
3056
8834
366
2053
3313
9760
5265
8039
1521
9395
3098
3861
7259
5254
8280
3188
6499
1232
1979
3044
8711
855
8664
6752
7520
1745
2073
7223
2151
5391
4486
5649
7480
8478
5266
7112
3980
7637
9607
5104
738
1028
5961
5947
5006
8573
3811
9812
4077
1014
1007
3690
4045
2433
48
46
5507
8521
8065
9013
680
4253
3914
6460
9290
8513
4025
6864
2277
9012
4041
3325
1413
2453
9880
1936
941
4159
5633
3550
224
3625
6340
1436
2993
6805
5694
8871
2709
5132
1260
2388
5178
6069
8574
4160
9336
3202
8228
3627
8689
3428
3915
2528
3584
5463
412
8352
6360
5668
4509
2522
1421
12
1909
9858
3228
9821
6264
6189
1045
5890
9004
9522
1450
1048
4366
8430
1875
4797
5643
5177
4914
4291
761
1762
7749
3936
7102
207
40
9099
3177
7310
8279
2286
562
9203
4450
9988
7730
6439
5024
8226
627
9689
7302
5441
7273
413
3091
4104
9044
8354
5464
8119
8757
4715
2784
7938
8497
2261
7077
698
8206
1179
1185
6699
9637
8974
7422
3703
5952
3156
5200
5657
3855
180
4957
4547
4476
2504
9551
4595
9352
215
1247
2345
6266
2893
3051
1560
6606
4629
7532
2229
2160
6566
5561
2579
7062
3216
6983
1682
9439
7654
9371
1057
6187
5927
2115
3081
8092
2571
928
8060
4331
4394
2034
126
7756
512
6873
9578
8821
6902
2170
7867
9782
5544
7817
4571
324
998
677
3719
697
3323
8362
296
1126
8657
7783
2855
5493
5510
59
417
9787
108
5475
155
1178
4281
8808
2800
777
5324
3519
2664
4111
8613
874
9167
6574
593
4928
5594
2796
2469
8862
267
1652
1468
9743
5676
3483
6293
3518
7763
5587
9593
2596
6693
2169
5611
1097
5001
4007
8216
4206
1481
9518
2638
2256
7679
3398
6978
6403
3875
7405
55
5502
8320
3360
9114
6327
6032
8886
7743
5296
1570
3702
9326
6395
6
844
7251
9749
7881
8819
3219
2723
9428
3377
9394
4757
9276
4190
6131
8982
560
4259
1387
4432
9381
5851
3131
7574
7332
1261
2298
4134
7940
9751
2586
7732
584
4651
5855
2718
1654
2402
1083
3571
8843
3140
5981
2863
7466
9282
4665
6424
4827
7155
156
3891
5897
3454
9454
5139
9283
6844
4118
9279
6442
9617
5518
4040
7680
206
8812
8052
8970
6963
4685
6057
7294
2045
6894
6339
2471
5966
2769
6062
7588
5289
2154
243
4904
2703
6024
929
2598
4155
2496
4793
7060
6304
4578
792
2270
1529
7398
785
5211
612
3146
4232
6677
1160
211
7565
4334
9531
8831
8663
2740
1139
2914
3289
3880
8816
9513
8515
7123
4675
8787
161
6665
7201
600
1675
237
5311
610
8606
4412
2932
1446
4324
9965
6294
406
3667
6086
184
2518
5111
3221
7088
2833
365
5517
3194
592
6749
7558
7143
3716
4028
5118
9355
1012
6793
1414
2452
2465
6964
1525
3394
5176
1070
7200
8531
1312
6394
7379
7051
9549
8238
5348
148
1978
630
3939
3728
2738
367
7119
3311
2695
6141
3026
9643
5188
219
9321
7318
7913
4773
4392
7799
6683
2391
3826
8096
596
4777
7943
3215
2726
2443
1119
68
295
2958
9719
3978
2527
6291
9704
8600
992
7767
6267
250
5576
7841
9127
6209
4934
997
4117
6410
4582
4326
6003
5631
1838
7856
8553
538
6388
9002
1980
5232
6083
6301
4760
3267
2789
8858
7653
1207
6296
6400
9431
9977
539
7551
3009
7068
2864
9009
6994
5449
6216
9363
661
570
3287
6217
1924
395
58
6106
2192
4559
7571
4614
2575
4702
9238
1381
912
6939
6236
4226
8284
6935
580
6982
9634
7584
7971
5155
1293
9795
2121
8390
2788
1474
3095
4167
6128
3252
6433
8884
3163
2511
8920
6445
5876
4640
6641
6052
2215
4758
5123
2990
9306
9853
5017
7734
7373
3361
9189
1961
8746
476
7862
6208
3150
1715
8668
2242
9249
8404
576
1855
4323
2751
8325
2155
6030
6717
9303
3961
9271
8339
1039
804
1708
7167
9746
4711
3890
388
9057
6811
4123
7557
4920
1318
8841
8432
7601
3700
3075
9199
5100
4137
6525
9221
2826
7257
6288
7415
7959
1769
9158
3437
5091
571
9139
2840
8992
8702
247
9563
9664
433
3193
5905
7649
7970
9211
2889
6975
9245
8967
552
4001
9422
7076
1
172
169
2278
2486
5042
3478
8924
2132
2257
691
6633
5112
6560
8047
6784
1433
420
4295
5495
6257
5268
7982
3210
9079
8138
8691
6087
8175
9561
272
5199
4659
9544
6804
8629
8199
3461
1379
9507
8224
1739
7334
3540
8489
4173
8835
7253
2112
6782
6681
1995
5439
6649
3480
2899
7901
521
2394
509
4092
5906
3737
7083
9404
9220
6707
7196
63
1284
686
1832
3673
5533
7843
9072
7093
4782
5671
2535
5478
2707
6078
5769
6265
6739
1734
193
329
1696
1507
6347
5153
9263
5234
3657
1551
6112
234
8446
1614
6985
9859
8591
4609
8316
6391
2334
1367
6713
4596
2219
5229
7713
25
9116
6658
439
1124
6435
4524
464
8554
8981
1968
459
6280
651
6618
3058
3064
6431
6065
2359
1851
7049
9376
3248
959
540
6369
1900
1866
9911
1298
3032
5416
6270
2494
2506
5844
8165
5210
9392
8443
7274
5713
8866
5525
6356
4193
199
9156
2798
3983
2480
5365
2211
8616
8911
5393
1184
7021
9831
9765
1779
5553
2007
3619
5168
9368
1148
8935
1041
2845
6275
5803
4817
6381
9659
7885
9560
3176
1815
2426
4880
9801
6523
3142
166
2409
1911
4902
1695
7831
5105
6219
3710
3381
972
5856
9541
4261
2428
1294
5635
1943
7701
4170
3835
2661
3600
858
7873
260
5041
5278
5955
61
5047
7015
4534
9377
9524
9842
2980
688
1429
6119
1635
4626
6162
3617
6005
2547
4504
9176
6716
7464
2176
6196
4706
9360
6199
6145
5883
1889
4061
4418
9285
1477
465
1845
2573
2491
4744
1585
5985
2102
7708
523
6102
7511
6504
4766
5156
8753
3524
4693
3779
8636
7620
9569
8014
7556
408
2381
2615
943
5877
3304
675
5238
695
3542
1920
2835
8964
8177
2168
1767
6240
181
1821
6703
8084
5846
9620
8633
2376
7239
1584
2954
3126
3391
6188
3488
7343
3605
3409
7115
6398
5672
5979
887
5741
1306
3940
3585
5885
5411
4079
984
5752
8105
891
133
3752
5704
3757
3697
5834
846
8451
157
244
4619
4531
4808
216
4212
8652
9175
2067
2005
9958
5032
8523
3054
4881
6300
6491
1118
1729
6211
128
1117
8989
1876
7974
5362
9223
8456
7758
7617
9718
1536
1252
1330
6054
6044
9083
1958
7367
5148
7154
6498
5248
2659
1424
6543
8577
910
8026
9370
7369
5488
1264
149
4523
7615
9087
9413
5443
3637
2181
2188
5884
3055
3760
7682
1132
8958
8512
4687
2077
7726
6613
5490
5840
1088
443
3426
20
5466
4403
9685
179
341
398
3262
9778
1963
472
2771
5815
1210
3968
2676
1914
9848
2622
8307
4667
2917
3931
6761
1441
1157
309
4443
6553
8408
2716
1274
8790
9745
762
5241
5989
8434
5646
4065
69
7638
364
5141
460
1810
5524
4668
1094
4289
135
5288
4603
5920
7103
914
1243
2054
7128
6064
2043
280
6852
6723
2580
1685
6979
9235
8902
9253
2976
2862
5822
3594
8398
1369
1671
5765
6129
1009
7136
2564
9323
2711
9134
1466
1000
9856
6808
9679
1016
4375
6889
7933
809
416
6846
7220
4683
6565
8959
7114
151
2872
4307
5760
2296
3357
4581
9832
6441
1839
9879
5798
6059
3858
2365
2019
9284
5171
755
9446
4845
2758
1653
5152
5496
5632
6708
6867
2384
791
7984
3529
1633
9185
1478
454
6180
5696
1506
5378
4420
4855
4825
2721
3200
9465
8169
1405
4783
6305
1390
1399
9130
7138
2044
2925
6268
889
8700
4606
2918
2609
3614
7900
9648
5054
6175
7747
1196
4175
4035
299
2042
9043
5243
7020
956
9874
450
9672
6996
1103
4679
5467
9934
1176
65
8680
7173
2508
8248
8532
4812
7001
4505
7490
3070
6096
2319
866
4224
6223
9129
838
1353
3543
607
2848
8607
402
7949
9899
8614
8452
9456
917
1220
1777
4968
5022
8440
3464
1222
7955
8829
1942
7621
4076
8611
4911
8282
3597
5195
214
9905
8256
3002
9154
7903
9059
1030
3579
9898
7517
4570
964
4907
7761
6297
1242
2237
2916
2183
4910
4913
7536
5252
7099
4440
7884
8429
3292
7628
5154
5726
3726
635
5371
5984
2432
9814
7426
2407
709
9994
499
5405
478
503
1651
2946
8845
2947
5415
1332
8021
1349
9328
2239
3141
7252
4391
2962
1224
9286
7827
3376
5652
5801
1432
9174
1883
2221
6528
9792
1177
7526
7074
6767
4012
2159
944
3831
2445
5830
5343
3242
7424
4349
2287
8550
3816
6664
6974
9204
4182
3083
2720
2387
1793
8987
6412
8041
656
7539
486
5269
4460
1754
387
2055
591
2808
885
5203
6254
7172
8002
5586
5958
7605
197
2733
7786
2476
8031
8033
1283
4311
5865
9790
3266
1435
1046
5659
1341
3327
1641
1485
2982
3812
8927
394
5622
3307
6550
8667
1611
6781
275
6912
2814
8565
8510
5049
3441
1723
9521
4194
9901
3498
2344
2558
6937
2590
7852
3207
2697
798
5789
1411
9982
30
4988
1104
2600
658
438
4306
951
6287
4563
7952
5341
6847
6135
8461
2516
1172
8129
2629
5757
7038
6925
1370
5206
6055
662
4067
5780
2343
8402
6797
17
3778
122
4507
5424
7129
3668
7993
2448
8558
7075
2775
3459
7886
4543
2584
3651
827
8403
7772
7506
6803
5986
4020
9871
5685
7003
3784
1417
6901
5201
7275
5456
1391
2986
5530
238
6987
6290
6193
2654
9631
2274
3182
5251
4772
7455
3823
6855
4422
7311
4785
9913
8086
1752
518
773
7585
7007
3012
673
8806
7834
2209
8032
9675
84
3516
5656
7139
5735
9477
4475
5523
8257
3443
9562
4516
9981
3894
9570
9191
8605
7904
9546
7806
2674
9975
4260
7924
4385
8197
5963
528
6006
5470
7871
8954
8929
393
98
1826
6365
4464
6387
1321
1462
9534
3171
9625
447
950
7004
4743
5921
8383
6016
7779
3481
1565
426
2308
9503
2791
6906
8646
3130
6590
9803
8736
4821
1599
3576
9420
625
3711
8121
1416
2370
1890
4630
4400
8027
2830
4021
1079
3669
8592
5084
7700
3415
8662
588
6203
8895
1350
5928
4073
1996
9364
2038
5718
5197
2177
6446
2570
2419
8056
4681
9307
5585
6520
7322
2767
6769
9696
4434
7244
8946
7909
6455
1149
8445
7089
7899
2051
1622
7910
5777
7473
3878
7374
8437
6138
11
2470
8748
8062
825
4688
6072
4451
6167
1804
9767
8739
8767
9345
4343
6990
7098
935
6812
5744
9218
8933
8219
527
8914
3001
8503
9244
4789
4830
3320
446
3599
1077
2842
7187
3305
7145
6536
977
7810
7535
1343
1954
5847
3147
6100
1579
2815
2061
1558
5714
7033
6037
3154
2537
7977
9056
7823
6010
5389
223
7434
913
1204
2329
95
4010
8533
8721
6617
2046
1188
1931
8016
2131
519
5829
1854
5931
684
7325
9207
9735
5566
8310
2464
2728
3526
7005
4058
583
840
8755
4287
2920
9883
7160
9488
7737
1956
2253
7032
9709
7549
5499
6900
6995
5223
9331
8869
3184
5388
377
7816
248
273
3787
2288
7354
5624
1519
8135
1065
1002
4952
6809
9601
5836
2631
8414
8253
3451
5050
3025
405
699
1212
5813
6190
2144
9690
9481
1992
803
7164
5554
3423
7219
253
9568
3303
9484
4722
271
2979
9932
4748
5316
5736
2760
9383
8012
6177
8425
399
6527
1287
8654
8780
4986
8480
7609
5163
1522
6600
9609
8599
4389
8727
9390
8732
8972
2505
6111
5086
5864
5184
747
1165
9511
8469
3541
431
7712
6364
731
6952
9418
2540
3962
8623
3263
3035
5677
9038
1577
2806
2996
2546
3291
7094
7624
752
1328
8665
9294
7132
9113
534
5960
1965
585
4231
6144
8897
461
1061
5173
4263
6324
3110
4032
2252
4247
2146
6479
5233
3973
1266
8770
9797
7575
1517
1051
7755
7672
6198
1457
6800
9061
8036
6025
5939
7321
587
1356
4110
7825
7431
6181
4309
5636
872
2339
3468
10
595
1456
6992
767
5351
5738
5539
1202
3510
753
3648
3722
6237
4482
7152
7504
1447
7391
7224
3558
1122
3545
7932
2441
9445
2411
4078
7428
5923
8893
9598
7650
1503
3298
1923
2152
957
1351
7711
3845
8090
8470
9292
949
2501
6754
3444
5976
369
7213
4390
1672
7078
8859
6552
2105
1962
9084
4333
4800
3913
9706
4551
7345
3533
1010
8941
6210
1843
4870
6503
5684
330
154
3473
5520
6182
5519
7404
650
202
9106
5412
8582
3649
4082
3223
3948
2874
4623
5402
578
4485
622
355
2301
8088
3015
1211
3420
718
6874
1546
8345
3893
34
