6
82
54
83
123
15
40
31
64
89
103
91
117
98
60
63
48
100
42
67
34
110
14
10
94
99
12
74
21
122
75
47
97
105
70
4
11
49
115
33
104
73
35
71
114
87
66
45
107
2
23
126
7
27
125
5
92
85
58
61
118
76
127
121
80
8
112
101
39
96
52
22
86
59
24
72
116
108
102
79
93
19
88
37
20
50
90
53
38
1
26
25
124
32
41
36
77
120
9
109
55
0
17
62
119
16
65
113
43
13
28
106
56
46
111
69
78
51
30
57
84
18
95
68
3
44
29
81


